2381
1665
3695
5169
3190
3348
2275
8221
1597
6346
1979
2519
1874
7270
3844
1352
8414
8528
2102
5398
8585
4983
8133
1000
6024
7037
4979
2451
8194
7584
8897
3154
2585
3836
4123
6373
1089
593
603
3671
6205
9439
1456
2979
2820
525
64
8957
2826
930
4194
560
5757
5280
1636
3289
4818
8963
6600
6883
1372
847
1486
2290
4598
3104
1637
3258
2106
7420
7291
8634
5558
1154
4362
937
113
4911
4255
1046
3555
2131
8877
1166
8508
8913
7645
9751
6374
3736
1877
2634
5606
7575
7546
716
2060
5957
8306
4111
7146
8792
1950
7649
9927
6572
396
5629
9977
8502
5723
2591
3507
5384
9731
1137
7085
821
2857
6145
8028
2425
674
5661
6510
6640
2303
3631
8218
8068
9848
8278
5508
4284
2420
8331
9249
7859
3467
1358
114
5335
9840
5189
9932
8742
2444
6958
1667
2085
8866
6403
9645
9011
1541
6772
74
2965
8114
8405
2944
4972
9878
1820
8790
5742
1603
1379
3132
5076
1062
485
4014
5806
9659
9829
2805
2165
5036
6566
4865
4860
2191
9744
481
7689
2532
7704
1005
9845
4411
3255
2921
8936
1871
3020
4622
4873
6608
2134
8602
4243
6249
3488
1485
3480
2174
9940
4589
2821
7631
2327
3716
1096
9907
5181
7254
7277
2927
5228
5399
795
3790
9607
3933
1361
864
7528
4420
9350
2909
4397
6059
8014
2790
7463
7114
5993
5016
3920
8356
3619
6586
7977
9461
1734
8816
6797
7550
1044
7976
7154
477
1254
8779
2269
8048
7045
8668
2570
5647
2122
8962
5346
458
403
8667
237
8783
6588
8507
8165
5287
630
8173
6102
940
7087
8151
7076
889
2825
5411
4417
6986
2426
4345
786
1003
6664
9408
9097
3372
231
6066
9325
3756
6400
8990
9056
4733
9593
9362
7521
8879
3075
2225
4447
1069
9695
789
1124
5261
5249
2043
3498
7422
451
8329
6146
9398
9416
2743
4463
8689
7490
6384
689
4219
3976
8627
4679
5867
9193
3566
4549
2198
9843
2016
7197
1711
6115
925
7910
5539
8470
9131
870
5253
5551
4000
5512
1777
6228
3160
294
4055
1437
5194
1288
6596
5353
1783
5514
2735
1908
537
9083
8666
7632
3924
4987
180
5770
5516
7175
1417
1905
1052
5124
3865
1178
1410
5302
8253
8948
6597
9527
2690
165
9500
2969
6261
7288
7729
3369
9784
8420
5268
2080
8851
2682
6764
5920
7610
7854
1439
6427
813
9777
7492
5633
8124
8154
656
4682
6015
8360
9233
5187
6417
1564
3831
1683
5905
3710
8791
3682
6963
8799
1520
9019
792
1937
9900
9393
647
5026
3176
5586
5950
8706
9542
194
90
5891
4845
100
2752
2854
1220
9694
8395
1122
3955
8715
1884
4630
9464
8379
6576
738
8399
142
7613
4153
6622
3466
2571
2638
7434
9444
6524
1147
8421
1752
1264
7267
49
9272
1081
9545
3758
2761
5350
166
9364
1692
313
5278
2086
1581
4745
6021
6054
1463
5135
1766
5788
2382
